{
 "cells": [
  {
   "cell_type": "markdown",
   "metadata": {},
   "source": [
    "<h1 align=center><font size=5>Data Science and Machine Learning Capstone Project</font></h1>\n",
    "<h2 align=center><font size=3; color=blue> Copyright &#169; Mustafizur Rahman</font></h2>"
   ]
  },
  {
   "cell_type": "markdown",
   "metadata": {},
   "source": [
    "<p><b>MULTI CLASS CLASSIFICATION MODEL FOR BRONX TOP FIVE COMPLAINTS:</b> In this section, I will DEVELOP a classification model using features to predict future Complaint of top five complaint Type</p>"
   ]
  },
  {
   "cell_type": "markdown",
   "metadata": {},
   "source": [
    "<h4>Import pandas</h4> "
   ]
  },
  {
   "cell_type": "code",
   "execution_count": 2,
   "metadata": {},
   "outputs": [],
   "source": [
    "import pandas as pd\n",
    "import numpy as np\n",
    "import matplotlib.pylab as plt\n",
    "import seaborn as sns\n",
    "%matplotlib inline "
   ]
  },
  {
   "cell_type": "markdown",
   "metadata": {},
   "source": [
    "<h2>Import data from previous model where I save Clean data for analysis, visualization and Modeling.</h2>"
   ]
  },
  {
   "cell_type": "code",
   "execution_count": 3,
   "metadata": {},
   "outputs": [],
   "source": [
    "filename='C:\\\\Users\\\\TOPU\\Documents\\\\GitHub\\\\5. Data Science and Machine Learning Capstone Project\\\\Bronx_Merged_top5_df.csv'"
   ]
  },
  {
   "cell_type": "markdown",
   "metadata": {},
   "source": [
    "Use the Pandas method <b>read_csv()</b> to load the data from local drive."
   ]
  },
  {
   "cell_type": "code",
   "execution_count": 4,
   "metadata": {
    "jupyter": {
     "outputs_hidden": false
    }
   },
   "outputs": [
    {
     "data": {
      "text/html": [
       "<div>\n",
       "<style scoped>\n",
       "    .dataframe tbody tr th:only-of-type {\n",
       "        vertical-align: middle;\n",
       "    }\n",
       "\n",
       "    .dataframe tbody tr th {\n",
       "        vertical-align: top;\n",
       "    }\n",
       "\n",
       "    .dataframe thead th {\n",
       "        text-align: right;\n",
       "    }\n",
       "</style>\n",
       "<table border=\"1\" class=\"dataframe\">\n",
       "  <thead>\n",
       "    <tr style=\"text-align: right;\">\n",
       "      <th></th>\n",
       "      <th>Complaint Type</th>\n",
       "      <th>Address</th>\n",
       "      <th>Borough</th>\n",
       "      <th>BldgArea</th>\n",
       "      <th>BldgDepth</th>\n",
       "      <th>BuiltFAR</th>\n",
       "      <th>CommFAR</th>\n",
       "      <th>FacilFAR</th>\n",
       "      <th>Lot</th>\n",
       "      <th>LotArea</th>\n",
       "      <th>...</th>\n",
       "      <th>NumFloors</th>\n",
       "      <th>OfficeArea</th>\n",
       "      <th>ResArea</th>\n",
       "      <th>ResidFAR</th>\n",
       "      <th>RetailArea</th>\n",
       "      <th>YearBuilt</th>\n",
       "      <th>YearAlter1</th>\n",
       "      <th>ZipCode</th>\n",
       "      <th>BldAge</th>\n",
       "      <th>RenvAge</th>\n",
       "    </tr>\n",
       "  </thead>\n",
       "  <tbody>\n",
       "    <tr>\n",
       "      <td>0</td>\n",
       "      <td>1</td>\n",
       "      <td>2405 SOUTHERN BOULEVARD</td>\n",
       "      <td>BX</td>\n",
       "      <td>0.009237</td>\n",
       "      <td>0.092308</td>\n",
       "      <td>0.017513</td>\n",
       "      <td>0.0</td>\n",
       "      <td>0.48</td>\n",
       "      <td>5</td>\n",
       "      <td>0.00037</td>\n",
       "      <td>...</td>\n",
       "      <td>0.386364</td>\n",
       "      <td>0.0</td>\n",
       "      <td>0.009467</td>\n",
       "      <td>0.344</td>\n",
       "      <td>0.0</td>\n",
       "      <td>1970</td>\n",
       "      <td>0</td>\n",
       "      <td>10458.0</td>\n",
       "      <td>0.208333</td>\n",
       "      <td>0.0</td>\n",
       "    </tr>\n",
       "    <tr>\n",
       "      <td>1</td>\n",
       "      <td>4</td>\n",
       "      <td>2405 SOUTHERN BOULEVARD</td>\n",
       "      <td>BX</td>\n",
       "      <td>0.009237</td>\n",
       "      <td>0.092308</td>\n",
       "      <td>0.017513</td>\n",
       "      <td>0.0</td>\n",
       "      <td>0.48</td>\n",
       "      <td>5</td>\n",
       "      <td>0.00037</td>\n",
       "      <td>...</td>\n",
       "      <td>0.386364</td>\n",
       "      <td>0.0</td>\n",
       "      <td>0.009467</td>\n",
       "      <td>0.344</td>\n",
       "      <td>0.0</td>\n",
       "      <td>1970</td>\n",
       "      <td>0</td>\n",
       "      <td>10458.0</td>\n",
       "      <td>0.208333</td>\n",
       "      <td>0.0</td>\n",
       "    </tr>\n",
       "    <tr>\n",
       "      <td>2</td>\n",
       "      <td>1</td>\n",
       "      <td>2405 SOUTHERN BOULEVARD</td>\n",
       "      <td>BX</td>\n",
       "      <td>0.009237</td>\n",
       "      <td>0.092308</td>\n",
       "      <td>0.017513</td>\n",
       "      <td>0.0</td>\n",
       "      <td>0.48</td>\n",
       "      <td>5</td>\n",
       "      <td>0.00037</td>\n",
       "      <td>...</td>\n",
       "      <td>0.386364</td>\n",
       "      <td>0.0</td>\n",
       "      <td>0.009467</td>\n",
       "      <td>0.344</td>\n",
       "      <td>0.0</td>\n",
       "      <td>1970</td>\n",
       "      <td>0</td>\n",
       "      <td>10458.0</td>\n",
       "      <td>0.208333</td>\n",
       "      <td>0.0</td>\n",
       "    </tr>\n",
       "    <tr>\n",
       "      <td>3</td>\n",
       "      <td>1</td>\n",
       "      <td>2405 SOUTHERN BOULEVARD</td>\n",
       "      <td>BX</td>\n",
       "      <td>0.009237</td>\n",
       "      <td>0.092308</td>\n",
       "      <td>0.017513</td>\n",
       "      <td>0.0</td>\n",
       "      <td>0.48</td>\n",
       "      <td>5</td>\n",
       "      <td>0.00037</td>\n",
       "      <td>...</td>\n",
       "      <td>0.386364</td>\n",
       "      <td>0.0</td>\n",
       "      <td>0.009467</td>\n",
       "      <td>0.344</td>\n",
       "      <td>0.0</td>\n",
       "      <td>1970</td>\n",
       "      <td>0</td>\n",
       "      <td>10458.0</td>\n",
       "      <td>0.208333</td>\n",
       "      <td>0.0</td>\n",
       "    </tr>\n",
       "    <tr>\n",
       "      <td>4</td>\n",
       "      <td>0</td>\n",
       "      <td>2405 SOUTHERN BOULEVARD</td>\n",
       "      <td>BX</td>\n",
       "      <td>0.009237</td>\n",
       "      <td>0.092308</td>\n",
       "      <td>0.017513</td>\n",
       "      <td>0.0</td>\n",
       "      <td>0.48</td>\n",
       "      <td>5</td>\n",
       "      <td>0.00037</td>\n",
       "      <td>...</td>\n",
       "      <td>0.386364</td>\n",
       "      <td>0.0</td>\n",
       "      <td>0.009467</td>\n",
       "      <td>0.344</td>\n",
       "      <td>0.0</td>\n",
       "      <td>1970</td>\n",
       "      <td>0</td>\n",
       "      <td>10458.0</td>\n",
       "      <td>0.208333</td>\n",
       "      <td>0.0</td>\n",
       "    </tr>\n",
       "  </tbody>\n",
       "</table>\n",
       "<p>5 rows × 22 columns</p>\n",
       "</div>"
      ],
      "text/plain": [
       "   Complaint Type                  Address Borough  BldgArea  BldgDepth  \\\n",
       "0               1  2405 SOUTHERN BOULEVARD      BX  0.009237   0.092308   \n",
       "1               4  2405 SOUTHERN BOULEVARD      BX  0.009237   0.092308   \n",
       "2               1  2405 SOUTHERN BOULEVARD      BX  0.009237   0.092308   \n",
       "3               1  2405 SOUTHERN BOULEVARD      BX  0.009237   0.092308   \n",
       "4               0  2405 SOUTHERN BOULEVARD      BX  0.009237   0.092308   \n",
       "\n",
       "   BuiltFAR  CommFAR  FacilFAR  Lot  LotArea  ...  NumFloors  OfficeArea  \\\n",
       "0  0.017513      0.0      0.48    5  0.00037  ...   0.386364         0.0   \n",
       "1  0.017513      0.0      0.48    5  0.00037  ...   0.386364         0.0   \n",
       "2  0.017513      0.0      0.48    5  0.00037  ...   0.386364         0.0   \n",
       "3  0.017513      0.0      0.48    5  0.00037  ...   0.386364         0.0   \n",
       "4  0.017513      0.0      0.48    5  0.00037  ...   0.386364         0.0   \n",
       "\n",
       "    ResArea  ResidFAR  RetailArea  YearBuilt  YearAlter1  ZipCode    BldAge  \\\n",
       "0  0.009467     0.344         0.0       1970           0  10458.0  0.208333   \n",
       "1  0.009467     0.344         0.0       1970           0  10458.0  0.208333   \n",
       "2  0.009467     0.344         0.0       1970           0  10458.0  0.208333   \n",
       "3  0.009467     0.344         0.0       1970           0  10458.0  0.208333   \n",
       "4  0.009467     0.344         0.0       1970           0  10458.0  0.208333   \n",
       "\n",
       "   RenvAge  \n",
       "0      0.0  \n",
       "1      0.0  \n",
       "2      0.0  \n",
       "3      0.0  \n",
       "4      0.0  \n",
       "\n",
       "[5 rows x 22 columns]"
      ]
     },
     "execution_count": 4,
     "metadata": {},
     "output_type": "execute_result"
    }
   ],
   "source": [
    "df= pd.read_csv(filename)\n",
    "df.head()"
   ]
  },
  {
   "cell_type": "code",
   "execution_count": 5,
   "metadata": {},
   "outputs": [
    {
     "name": "stdout",
     "output_type": "stream",
     "text": [
      "Index(['Complaint Type', 'Address', 'Borough', 'BldgArea', 'BldgDepth',\n",
      "       'BuiltFAR', 'CommFAR', 'FacilFAR', 'Lot', 'LotArea', 'LotDepth',\n",
      "       'NumBldgs', 'NumFloors', 'OfficeArea', 'ResArea', 'ResidFAR',\n",
      "       'RetailArea', 'YearBuilt', 'YearAlter1', 'ZipCode', 'BldAge',\n",
      "       'RenvAge'],\n",
      "      dtype='object')\n"
     ]
    },
    {
     "data": {
      "text/html": [
       "<div>\n",
       "<style scoped>\n",
       "    .dataframe tbody tr th:only-of-type {\n",
       "        vertical-align: middle;\n",
       "    }\n",
       "\n",
       "    .dataframe tbody tr th {\n",
       "        vertical-align: top;\n",
       "    }\n",
       "\n",
       "    .dataframe thead th {\n",
       "        text-align: right;\n",
       "    }\n",
       "</style>\n",
       "<table border=\"1\" class=\"dataframe\">\n",
       "  <thead>\n",
       "    <tr style=\"text-align: right;\">\n",
       "      <th></th>\n",
       "      <th>Complaint Type</th>\n",
       "      <th>BldgArea</th>\n",
       "      <th>BldgDepth</th>\n",
       "      <th>BuiltFAR</th>\n",
       "      <th>CommFAR</th>\n",
       "      <th>FacilFAR</th>\n",
       "      <th>Lot</th>\n",
       "      <th>LotArea</th>\n",
       "      <th>LotDepth</th>\n",
       "      <th>NumBldgs</th>\n",
       "      <th>NumFloors</th>\n",
       "      <th>OfficeArea</th>\n",
       "      <th>ResArea</th>\n",
       "      <th>ResidFAR</th>\n",
       "      <th>RetailArea</th>\n",
       "      <th>YearBuilt</th>\n",
       "      <th>YearAlter1</th>\n",
       "      <th>ZipCode</th>\n",
       "      <th>BldAge</th>\n",
       "      <th>RenvAge</th>\n",
       "    </tr>\n",
       "  </thead>\n",
       "  <tbody>\n",
       "    <tr>\n",
       "      <td>Complaint Type</td>\n",
       "      <td>1.000000</td>\n",
       "      <td>-0.009860</td>\n",
       "      <td>-0.023631</td>\n",
       "      <td>-0.012431</td>\n",
       "      <td>0.004921</td>\n",
       "      <td>-0.002066</td>\n",
       "      <td>0.007687</td>\n",
       "      <td>-0.007166</td>\n",
       "      <td>-0.016218</td>\n",
       "      <td>-0.002594</td>\n",
       "      <td>-0.013960</td>\n",
       "      <td>-0.005033</td>\n",
       "      <td>-0.009869</td>\n",
       "      <td>-0.005655</td>\n",
       "      <td>-0.006678</td>\n",
       "      <td>-0.005798</td>\n",
       "      <td>-0.006287</td>\n",
       "      <td>-0.013278</td>\n",
       "      <td>-0.016749</td>\n",
       "      <td>-0.007924</td>\n",
       "    </tr>\n",
       "    <tr>\n",
       "      <td>BldgArea</td>\n",
       "      <td>-0.009860</td>\n",
       "      <td>1.000000</td>\n",
       "      <td>0.398412</td>\n",
       "      <td>0.407002</td>\n",
       "      <td>-0.014423</td>\n",
       "      <td>0.193757</td>\n",
       "      <td>0.150495</td>\n",
       "      <td>0.715538</td>\n",
       "      <td>0.565613</td>\n",
       "      <td>0.407043</td>\n",
       "      <td>0.634931</td>\n",
       "      <td>0.131638</td>\n",
       "      <td>0.986428</td>\n",
       "      <td>0.175338</td>\n",
       "      <td>0.186937</td>\n",
       "      <td>0.082384</td>\n",
       "      <td>0.085739</td>\n",
       "      <td>-0.052596</td>\n",
       "      <td>-0.233461</td>\n",
       "      <td>0.090100</td>\n",
       "    </tr>\n",
       "    <tr>\n",
       "      <td>BldgDepth</td>\n",
       "      <td>-0.023631</td>\n",
       "      <td>0.398412</td>\n",
       "      <td>1.000000</td>\n",
       "      <td>0.157845</td>\n",
       "      <td>-0.024740</td>\n",
       "      <td>0.218130</td>\n",
       "      <td>-0.059454</td>\n",
       "      <td>0.276162</td>\n",
       "      <td>0.532468</td>\n",
       "      <td>0.045406</td>\n",
       "      <td>0.259628</td>\n",
       "      <td>0.065057</td>\n",
       "      <td>0.397719</td>\n",
       "      <td>0.219689</td>\n",
       "      <td>0.150603</td>\n",
       "      <td>0.109747</td>\n",
       "      <td>0.093119</td>\n",
       "      <td>-0.085157</td>\n",
       "      <td>0.050450</td>\n",
       "      <td>0.115903</td>\n",
       "    </tr>\n",
       "    <tr>\n",
       "      <td>BuiltFAR</td>\n",
       "      <td>-0.012431</td>\n",
       "      <td>0.407002</td>\n",
       "      <td>0.157845</td>\n",
       "      <td>1.000000</td>\n",
       "      <td>0.002353</td>\n",
       "      <td>0.233140</td>\n",
       "      <td>0.112703</td>\n",
       "      <td>-0.009456</td>\n",
       "      <td>-0.027964</td>\n",
       "      <td>0.243716</td>\n",
       "      <td>0.322825</td>\n",
       "      <td>-0.004585</td>\n",
       "      <td>0.417153</td>\n",
       "      <td>0.225061</td>\n",
       "      <td>0.107389</td>\n",
       "      <td>0.067334</td>\n",
       "      <td>0.076620</td>\n",
       "      <td>-0.113729</td>\n",
       "      <td>0.004089</td>\n",
       "      <td>0.074820</td>\n",
       "    </tr>\n",
       "    <tr>\n",
       "      <td>CommFAR</td>\n",
       "      <td>0.004921</td>\n",
       "      <td>-0.014423</td>\n",
       "      <td>-0.024740</td>\n",
       "      <td>0.002353</td>\n",
       "      <td>1.000000</td>\n",
       "      <td>0.120859</td>\n",
       "      <td>0.050419</td>\n",
       "      <td>-0.015441</td>\n",
       "      <td>-0.022537</td>\n",
       "      <td>0.007928</td>\n",
       "      <td>-0.005474</td>\n",
       "      <td>0.008308</td>\n",
       "      <td>-0.022239</td>\n",
       "      <td>0.004354</td>\n",
       "      <td>0.085839</td>\n",
       "      <td>-0.017201</td>\n",
       "      <td>0.048140</td>\n",
       "      <td>-0.035584</td>\n",
       "      <td>0.052092</td>\n",
       "      <td>0.044448</td>\n",
       "    </tr>\n",
       "    <tr>\n",
       "      <td>FacilFAR</td>\n",
       "      <td>-0.002066</td>\n",
       "      <td>0.193757</td>\n",
       "      <td>0.218130</td>\n",
       "      <td>0.233140</td>\n",
       "      <td>0.120859</td>\n",
       "      <td>1.000000</td>\n",
       "      <td>0.021211</td>\n",
       "      <td>0.051074</td>\n",
       "      <td>0.057212</td>\n",
       "      <td>-0.056492</td>\n",
       "      <td>0.262145</td>\n",
       "      <td>0.017539</td>\n",
       "      <td>0.197443</td>\n",
       "      <td>0.846442</td>\n",
       "      <td>0.098455</td>\n",
       "      <td>0.003250</td>\n",
       "      <td>0.092772</td>\n",
       "      <td>-0.389442</td>\n",
       "      <td>0.069010</td>\n",
       "      <td>0.089054</td>\n",
       "    </tr>\n",
       "    <tr>\n",
       "      <td>Lot</td>\n",
       "      <td>0.007687</td>\n",
       "      <td>0.150495</td>\n",
       "      <td>-0.059454</td>\n",
       "      <td>0.112703</td>\n",
       "      <td>0.050419</td>\n",
       "      <td>0.021211</td>\n",
       "      <td>1.000000</td>\n",
       "      <td>0.097245</td>\n",
       "      <td>0.003995</td>\n",
       "      <td>0.122408</td>\n",
       "      <td>0.079608</td>\n",
       "      <td>0.008754</td>\n",
       "      <td>0.131088</td>\n",
       "      <td>-0.012018</td>\n",
       "      <td>0.279969</td>\n",
       "      <td>0.029162</td>\n",
       "      <td>-0.045596</td>\n",
       "      <td>0.010776</td>\n",
       "      <td>-0.220905</td>\n",
       "      <td>-0.044098</td>\n",
       "    </tr>\n",
       "    <tr>\n",
       "      <td>LotArea</td>\n",
       "      <td>-0.007166</td>\n",
       "      <td>0.715538</td>\n",
       "      <td>0.276162</td>\n",
       "      <td>-0.009456</td>\n",
       "      <td>-0.015441</td>\n",
       "      <td>0.051074</td>\n",
       "      <td>0.097245</td>\n",
       "      <td>1.000000</td>\n",
       "      <td>0.601011</td>\n",
       "      <td>0.421076</td>\n",
       "      <td>0.384238</td>\n",
       "      <td>0.338650</td>\n",
       "      <td>0.686655</td>\n",
       "      <td>0.032177</td>\n",
       "      <td>0.098702</td>\n",
       "      <td>0.021934</td>\n",
       "      <td>0.040321</td>\n",
       "      <td>0.021403</td>\n",
       "      <td>-0.190611</td>\n",
       "      <td>0.034445</td>\n",
       "    </tr>\n",
       "    <tr>\n",
       "      <td>LotDepth</td>\n",
       "      <td>-0.016218</td>\n",
       "      <td>0.565613</td>\n",
       "      <td>0.532468</td>\n",
       "      <td>-0.027964</td>\n",
       "      <td>-0.022537</td>\n",
       "      <td>0.057212</td>\n",
       "      <td>0.003995</td>\n",
       "      <td>0.601011</td>\n",
       "      <td>1.000000</td>\n",
       "      <td>0.204672</td>\n",
       "      <td>0.368911</td>\n",
       "      <td>0.101466</td>\n",
       "      <td>0.562351</td>\n",
       "      <td>0.038582</td>\n",
       "      <td>0.103598</td>\n",
       "      <td>0.038148</td>\n",
       "      <td>0.008610</td>\n",
       "      <td>0.023932</td>\n",
       "      <td>-0.173728</td>\n",
       "      <td>0.021961</td>\n",
       "    </tr>\n",
       "    <tr>\n",
       "      <td>NumBldgs</td>\n",
       "      <td>-0.002594</td>\n",
       "      <td>0.407043</td>\n",
       "      <td>0.045406</td>\n",
       "      <td>0.243716</td>\n",
       "      <td>0.007928</td>\n",
       "      <td>-0.056492</td>\n",
       "      <td>0.122408</td>\n",
       "      <td>0.421076</td>\n",
       "      <td>0.204672</td>\n",
       "      <td>1.000000</td>\n",
       "      <td>0.031754</td>\n",
       "      <td>0.100986</td>\n",
       "      <td>0.402923</td>\n",
       "      <td>-0.060183</td>\n",
       "      <td>0.036176</td>\n",
       "      <td>0.066478</td>\n",
       "      <td>0.011212</td>\n",
       "      <td>0.036603</td>\n",
       "      <td>-0.051630</td>\n",
       "      <td>0.020807</td>\n",
       "    </tr>\n",
       "    <tr>\n",
       "      <td>NumFloors</td>\n",
       "      <td>-0.013960</td>\n",
       "      <td>0.634931</td>\n",
       "      <td>0.259628</td>\n",
       "      <td>0.322825</td>\n",
       "      <td>-0.005474</td>\n",
       "      <td>0.262145</td>\n",
       "      <td>0.079608</td>\n",
       "      <td>0.384238</td>\n",
       "      <td>0.368911</td>\n",
       "      <td>0.031754</td>\n",
       "      <td>1.000000</td>\n",
       "      <td>0.025214</td>\n",
       "      <td>0.624911</td>\n",
       "      <td>0.214203</td>\n",
       "      <td>0.097734</td>\n",
       "      <td>0.177236</td>\n",
       "      <td>0.085418</td>\n",
       "      <td>-0.121914</td>\n",
       "      <td>-0.298263</td>\n",
       "      <td>0.066394</td>\n",
       "    </tr>\n",
       "    <tr>\n",
       "      <td>OfficeArea</td>\n",
       "      <td>-0.005033</td>\n",
       "      <td>0.131638</td>\n",
       "      <td>0.065057</td>\n",
       "      <td>-0.004585</td>\n",
       "      <td>0.008308</td>\n",
       "      <td>0.017539</td>\n",
       "      <td>0.008754</td>\n",
       "      <td>0.338650</td>\n",
       "      <td>0.101466</td>\n",
       "      <td>0.100986</td>\n",
       "      <td>0.025214</td>\n",
       "      <td>1.000000</td>\n",
       "      <td>0.047390</td>\n",
       "      <td>0.021595</td>\n",
       "      <td>0.043603</td>\n",
       "      <td>-0.005248</td>\n",
       "      <td>0.014978</td>\n",
       "      <td>-0.019904</td>\n",
       "      <td>-0.037824</td>\n",
       "      <td>0.010520</td>\n",
       "    </tr>\n",
       "    <tr>\n",
       "      <td>ResArea</td>\n",
       "      <td>-0.009869</td>\n",
       "      <td>0.986428</td>\n",
       "      <td>0.397719</td>\n",
       "      <td>0.417153</td>\n",
       "      <td>-0.022239</td>\n",
       "      <td>0.197443</td>\n",
       "      <td>0.131088</td>\n",
       "      <td>0.686655</td>\n",
       "      <td>0.562351</td>\n",
       "      <td>0.402923</td>\n",
       "      <td>0.624911</td>\n",
       "      <td>0.047390</td>\n",
       "      <td>1.000000</td>\n",
       "      <td>0.180635</td>\n",
       "      <td>0.144716</td>\n",
       "      <td>0.080736</td>\n",
       "      <td>0.088169</td>\n",
       "      <td>-0.050204</td>\n",
       "      <td>-0.217630</td>\n",
       "      <td>0.093224</td>\n",
       "    </tr>\n",
       "    <tr>\n",
       "      <td>ResidFAR</td>\n",
       "      <td>-0.005655</td>\n",
       "      <td>0.175338</td>\n",
       "      <td>0.219689</td>\n",
       "      <td>0.225061</td>\n",
       "      <td>0.004354</td>\n",
       "      <td>0.846442</td>\n",
       "      <td>-0.012018</td>\n",
       "      <td>0.032177</td>\n",
       "      <td>0.038582</td>\n",
       "      <td>-0.060183</td>\n",
       "      <td>0.214203</td>\n",
       "      <td>0.021595</td>\n",
       "      <td>0.180635</td>\n",
       "      <td>1.000000</td>\n",
       "      <td>0.078663</td>\n",
       "      <td>0.004775</td>\n",
       "      <td>0.066478</td>\n",
       "      <td>-0.448104</td>\n",
       "      <td>0.058460</td>\n",
       "      <td>0.065362</td>\n",
       "    </tr>\n",
       "    <tr>\n",
       "      <td>RetailArea</td>\n",
       "      <td>-0.006678</td>\n",
       "      <td>0.186937</td>\n",
       "      <td>0.150603</td>\n",
       "      <td>0.107389</td>\n",
       "      <td>0.085839</td>\n",
       "      <td>0.098455</td>\n",
       "      <td>0.279969</td>\n",
       "      <td>0.098702</td>\n",
       "      <td>0.103598</td>\n",
       "      <td>0.036176</td>\n",
       "      <td>0.097734</td>\n",
       "      <td>0.043603</td>\n",
       "      <td>0.144716</td>\n",
       "      <td>0.078663</td>\n",
       "      <td>1.000000</td>\n",
       "      <td>0.010642</td>\n",
       "      <td>0.014417</td>\n",
       "      <td>-0.062178</td>\n",
       "      <td>-0.050342</td>\n",
       "      <td>0.023231</td>\n",
       "    </tr>\n",
       "    <tr>\n",
       "      <td>YearBuilt</td>\n",
       "      <td>-0.005798</td>\n",
       "      <td>0.082384</td>\n",
       "      <td>0.109747</td>\n",
       "      <td>0.067334</td>\n",
       "      <td>-0.017201</td>\n",
       "      <td>0.003250</td>\n",
       "      <td>0.029162</td>\n",
       "      <td>0.021934</td>\n",
       "      <td>0.038148</td>\n",
       "      <td>0.066478</td>\n",
       "      <td>0.177236</td>\n",
       "      <td>-0.005248</td>\n",
       "      <td>0.080736</td>\n",
       "      <td>0.004775</td>\n",
       "      <td>0.010642</td>\n",
       "      <td>1.000000</td>\n",
       "      <td>-0.007580</td>\n",
       "      <td>0.044180</td>\n",
       "      <td>-0.036083</td>\n",
       "      <td>-0.014270</td>\n",
       "    </tr>\n",
       "    <tr>\n",
       "      <td>YearAlter1</td>\n",
       "      <td>-0.006287</td>\n",
       "      <td>0.085739</td>\n",
       "      <td>0.093119</td>\n",
       "      <td>0.076620</td>\n",
       "      <td>0.048140</td>\n",
       "      <td>0.092772</td>\n",
       "      <td>-0.045596</td>\n",
       "      <td>0.040321</td>\n",
       "      <td>0.008610</td>\n",
       "      <td>0.011212</td>\n",
       "      <td>0.085418</td>\n",
       "      <td>0.014978</td>\n",
       "      <td>0.088169</td>\n",
       "      <td>0.066478</td>\n",
       "      <td>0.014417</td>\n",
       "      <td>-0.007580</td>\n",
       "      <td>1.000000</td>\n",
       "      <td>-0.141659</td>\n",
       "      <td>0.156621</td>\n",
       "      <td>0.879988</td>\n",
       "    </tr>\n",
       "    <tr>\n",
       "      <td>ZipCode</td>\n",
       "      <td>-0.013278</td>\n",
       "      <td>-0.052596</td>\n",
       "      <td>-0.085157</td>\n",
       "      <td>-0.113729</td>\n",
       "      <td>-0.035584</td>\n",
       "      <td>-0.389442</td>\n",
       "      <td>0.010776</td>\n",
       "      <td>0.021403</td>\n",
       "      <td>0.023932</td>\n",
       "      <td>0.036603</td>\n",
       "      <td>-0.121914</td>\n",
       "      <td>-0.019904</td>\n",
       "      <td>-0.050204</td>\n",
       "      <td>-0.448104</td>\n",
       "      <td>-0.062178</td>\n",
       "      <td>0.044180</td>\n",
       "      <td>-0.141659</td>\n",
       "      <td>1.000000</td>\n",
       "      <td>-0.061928</td>\n",
       "      <td>-0.144139</td>\n",
       "    </tr>\n",
       "    <tr>\n",
       "      <td>BldAge</td>\n",
       "      <td>-0.016749</td>\n",
       "      <td>-0.233461</td>\n",
       "      <td>0.050450</td>\n",
       "      <td>0.004089</td>\n",
       "      <td>0.052092</td>\n",
       "      <td>0.069010</td>\n",
       "      <td>-0.220905</td>\n",
       "      <td>-0.190611</td>\n",
       "      <td>-0.173728</td>\n",
       "      <td>-0.051630</td>\n",
       "      <td>-0.298263</td>\n",
       "      <td>-0.037824</td>\n",
       "      <td>-0.217630</td>\n",
       "      <td>0.058460</td>\n",
       "      <td>-0.050342</td>\n",
       "      <td>-0.036083</td>\n",
       "      <td>0.156621</td>\n",
       "      <td>-0.061928</td>\n",
       "      <td>1.000000</td>\n",
       "      <td>0.171464</td>\n",
       "    </tr>\n",
       "    <tr>\n",
       "      <td>RenvAge</td>\n",
       "      <td>-0.007924</td>\n",
       "      <td>0.090100</td>\n",
       "      <td>0.115903</td>\n",
       "      <td>0.074820</td>\n",
       "      <td>0.044448</td>\n",
       "      <td>0.089054</td>\n",
       "      <td>-0.044098</td>\n",
       "      <td>0.034445</td>\n",
       "      <td>0.021961</td>\n",
       "      <td>0.020807</td>\n",
       "      <td>0.066394</td>\n",
       "      <td>0.010520</td>\n",
       "      <td>0.093224</td>\n",
       "      <td>0.065362</td>\n",
       "      <td>0.023231</td>\n",
       "      <td>-0.014270</td>\n",
       "      <td>0.879988</td>\n",
       "      <td>-0.144139</td>\n",
       "      <td>0.171464</td>\n",
       "      <td>1.000000</td>\n",
       "    </tr>\n",
       "  </tbody>\n",
       "</table>\n",
       "</div>"
      ],
      "text/plain": [
       "                Complaint Type  BldgArea  BldgDepth  BuiltFAR   CommFAR  \\\n",
       "Complaint Type        1.000000 -0.009860  -0.023631 -0.012431  0.004921   \n",
       "BldgArea             -0.009860  1.000000   0.398412  0.407002 -0.014423   \n",
       "BldgDepth            -0.023631  0.398412   1.000000  0.157845 -0.024740   \n",
       "BuiltFAR             -0.012431  0.407002   0.157845  1.000000  0.002353   \n",
       "CommFAR               0.004921 -0.014423  -0.024740  0.002353  1.000000   \n",
       "FacilFAR             -0.002066  0.193757   0.218130  0.233140  0.120859   \n",
       "Lot                   0.007687  0.150495  -0.059454  0.112703  0.050419   \n",
       "LotArea              -0.007166  0.715538   0.276162 -0.009456 -0.015441   \n",
       "LotDepth             -0.016218  0.565613   0.532468 -0.027964 -0.022537   \n",
       "NumBldgs             -0.002594  0.407043   0.045406  0.243716  0.007928   \n",
       "NumFloors            -0.013960  0.634931   0.259628  0.322825 -0.005474   \n",
       "OfficeArea           -0.005033  0.131638   0.065057 -0.004585  0.008308   \n",
       "ResArea              -0.009869  0.986428   0.397719  0.417153 -0.022239   \n",
       "ResidFAR             -0.005655  0.175338   0.219689  0.225061  0.004354   \n",
       "RetailArea           -0.006678  0.186937   0.150603  0.107389  0.085839   \n",
       "YearBuilt            -0.005798  0.082384   0.109747  0.067334 -0.017201   \n",
       "YearAlter1           -0.006287  0.085739   0.093119  0.076620  0.048140   \n",
       "ZipCode              -0.013278 -0.052596  -0.085157 -0.113729 -0.035584   \n",
       "BldAge               -0.016749 -0.233461   0.050450  0.004089  0.052092   \n",
       "RenvAge              -0.007924  0.090100   0.115903  0.074820  0.044448   \n",
       "\n",
       "                FacilFAR       Lot   LotArea  LotDepth  NumBldgs  NumFloors  \\\n",
       "Complaint Type -0.002066  0.007687 -0.007166 -0.016218 -0.002594  -0.013960   \n",
       "BldgArea        0.193757  0.150495  0.715538  0.565613  0.407043   0.634931   \n",
       "BldgDepth       0.218130 -0.059454  0.276162  0.532468  0.045406   0.259628   \n",
       "BuiltFAR        0.233140  0.112703 -0.009456 -0.027964  0.243716   0.322825   \n",
       "CommFAR         0.120859  0.050419 -0.015441 -0.022537  0.007928  -0.005474   \n",
       "FacilFAR        1.000000  0.021211  0.051074  0.057212 -0.056492   0.262145   \n",
       "Lot             0.021211  1.000000  0.097245  0.003995  0.122408   0.079608   \n",
       "LotArea         0.051074  0.097245  1.000000  0.601011  0.421076   0.384238   \n",
       "LotDepth        0.057212  0.003995  0.601011  1.000000  0.204672   0.368911   \n",
       "NumBldgs       -0.056492  0.122408  0.421076  0.204672  1.000000   0.031754   \n",
       "NumFloors       0.262145  0.079608  0.384238  0.368911  0.031754   1.000000   \n",
       "OfficeArea      0.017539  0.008754  0.338650  0.101466  0.100986   0.025214   \n",
       "ResArea         0.197443  0.131088  0.686655  0.562351  0.402923   0.624911   \n",
       "ResidFAR        0.846442 -0.012018  0.032177  0.038582 -0.060183   0.214203   \n",
       "RetailArea      0.098455  0.279969  0.098702  0.103598  0.036176   0.097734   \n",
       "YearBuilt       0.003250  0.029162  0.021934  0.038148  0.066478   0.177236   \n",
       "YearAlter1      0.092772 -0.045596  0.040321  0.008610  0.011212   0.085418   \n",
       "ZipCode        -0.389442  0.010776  0.021403  0.023932  0.036603  -0.121914   \n",
       "BldAge          0.069010 -0.220905 -0.190611 -0.173728 -0.051630  -0.298263   \n",
       "RenvAge         0.089054 -0.044098  0.034445  0.021961  0.020807   0.066394   \n",
       "\n",
       "                OfficeArea   ResArea  ResidFAR  RetailArea  YearBuilt  \\\n",
       "Complaint Type   -0.005033 -0.009869 -0.005655   -0.006678  -0.005798   \n",
       "BldgArea          0.131638  0.986428  0.175338    0.186937   0.082384   \n",
       "BldgDepth         0.065057  0.397719  0.219689    0.150603   0.109747   \n",
       "BuiltFAR         -0.004585  0.417153  0.225061    0.107389   0.067334   \n",
       "CommFAR           0.008308 -0.022239  0.004354    0.085839  -0.017201   \n",
       "FacilFAR          0.017539  0.197443  0.846442    0.098455   0.003250   \n",
       "Lot               0.008754  0.131088 -0.012018    0.279969   0.029162   \n",
       "LotArea           0.338650  0.686655  0.032177    0.098702   0.021934   \n",
       "LotDepth          0.101466  0.562351  0.038582    0.103598   0.038148   \n",
       "NumBldgs          0.100986  0.402923 -0.060183    0.036176   0.066478   \n",
       "NumFloors         0.025214  0.624911  0.214203    0.097734   0.177236   \n",
       "OfficeArea        1.000000  0.047390  0.021595    0.043603  -0.005248   \n",
       "ResArea           0.047390  1.000000  0.180635    0.144716   0.080736   \n",
       "ResidFAR          0.021595  0.180635  1.000000    0.078663   0.004775   \n",
       "RetailArea        0.043603  0.144716  0.078663    1.000000   0.010642   \n",
       "YearBuilt        -0.005248  0.080736  0.004775    0.010642   1.000000   \n",
       "YearAlter1        0.014978  0.088169  0.066478    0.014417  -0.007580   \n",
       "ZipCode          -0.019904 -0.050204 -0.448104   -0.062178   0.044180   \n",
       "BldAge           -0.037824 -0.217630  0.058460   -0.050342  -0.036083   \n",
       "RenvAge           0.010520  0.093224  0.065362    0.023231  -0.014270   \n",
       "\n",
       "                YearAlter1   ZipCode    BldAge   RenvAge  \n",
       "Complaint Type   -0.006287 -0.013278 -0.016749 -0.007924  \n",
       "BldgArea          0.085739 -0.052596 -0.233461  0.090100  \n",
       "BldgDepth         0.093119 -0.085157  0.050450  0.115903  \n",
       "BuiltFAR          0.076620 -0.113729  0.004089  0.074820  \n",
       "CommFAR           0.048140 -0.035584  0.052092  0.044448  \n",
       "FacilFAR          0.092772 -0.389442  0.069010  0.089054  \n",
       "Lot              -0.045596  0.010776 -0.220905 -0.044098  \n",
       "LotArea           0.040321  0.021403 -0.190611  0.034445  \n",
       "LotDepth          0.008610  0.023932 -0.173728  0.021961  \n",
       "NumBldgs          0.011212  0.036603 -0.051630  0.020807  \n",
       "NumFloors         0.085418 -0.121914 -0.298263  0.066394  \n",
       "OfficeArea        0.014978 -0.019904 -0.037824  0.010520  \n",
       "ResArea           0.088169 -0.050204 -0.217630  0.093224  \n",
       "ResidFAR          0.066478 -0.448104  0.058460  0.065362  \n",
       "RetailArea        0.014417 -0.062178 -0.050342  0.023231  \n",
       "YearBuilt        -0.007580  0.044180 -0.036083 -0.014270  \n",
       "YearAlter1        1.000000 -0.141659  0.156621  0.879988  \n",
       "ZipCode          -0.141659  1.000000 -0.061928 -0.144139  \n",
       "BldAge            0.156621 -0.061928  1.000000  0.171464  \n",
       "RenvAge           0.879988 -0.144139  0.171464  1.000000  "
      ]
     },
     "execution_count": 5,
     "metadata": {},
     "output_type": "execute_result"
    }
   ],
   "source": [
    "print(df.columns)\n",
    "#df.describe(include=['object'])\n",
    "df.corr()"
   ]
  },
  {
   "cell_type": "code",
   "execution_count": null,
   "metadata": {},
   "outputs": [],
   "source": [
    "df['Complaint Type'].value_counts()"
   ]
  },
  {
   "cell_type": "markdown",
   "metadata": {},
   "source": [
    "<p>\n",
    "\n",
    "select all features for the modeling. Also check the target data type (should be integer, as it is a requirement  by the skitlearn algorithm)</p>\n",
    "<b>FEATURE SETS:BldgArea\tBldgDepth\tBuiltFAR\tCommFAR\tFacilFAR\tLotArea\tLotDepth\tNumBldgs\tNumFloors\tOfficeArea\tResArea\tResidFAR\tRetailArea\tBldAge and\tRenvAge</b>\n"
   ]
  },
  {
   "cell_type": "code",
   "execution_count": 5,
   "metadata": {},
   "outputs": [
    {
     "name": "stdout",
     "output_type": "stream",
     "text": [
      "   BldgDepth  BuiltFAR  LotDepth  NumFloors   ResArea    BldAge\n",
      "0   0.092308  0.017513    0.0165   0.386364  0.009467  0.208333\n",
      "1   0.092308  0.017513    0.0165   0.386364  0.009467  0.208333\n",
      "2   0.092308  0.017513    0.0165   0.386364  0.009467  0.208333\n",
      "3   0.092308  0.017513    0.0165   0.386364  0.009467  0.208333\n",
      "4   0.092308  0.017513    0.0165   0.386364  0.009467  0.208333\n",
      "0     1\n",
      "1     4\n",
      "2     1\n",
      "3     1\n",
      "4     0\n",
      "5     3\n",
      "6     3\n",
      "7     2\n",
      "8     3\n",
      "9     3\n",
      "10    0\n",
      "11    3\n",
      "12    0\n",
      "13    3\n",
      "14    0\n",
      "15    0\n",
      "16    0\n",
      "17    2\n",
      "18    2\n",
      "19    3\n",
      "20    1\n",
      "21    4\n",
      "22    1\n",
      "23    4\n",
      "24    4\n",
      "Name: Complaint Type, dtype: int64\n",
      "Feature Set: (822878, 6)\n",
      "Label set: (822878,)\n"
     ]
    }
   ],
   "source": [
    "feature_cols = ['BldgDepth','BuiltFAR', 'LotDepth', 'NumFloors', 'ResArea', 'BldAge']\n",
    "X=df[feature_cols]\n",
    "y=df['Complaint Type']\n",
    "print(X[0:5])\n",
    "print(y [0:25])\n",
    "print ('Feature Set:', X.shape)\n",
    "print ('Label set:', y.shape)"
   ]
  },
  {
   "cell_type": "markdown",
   "metadata": {},
   "source": [
    "## Train/Test split"
   ]
  },
  {
   "cell_type": "code",
   "execution_count": 6,
   "metadata": {},
   "outputs": [
    {
     "name": "stdout",
     "output_type": "stream",
     "text": [
      "Train set: (551328, 6) (551328,)\n",
      "Test set: (271550, 6) (271550,)\n",
      "(822878,)\n"
     ]
    }
   ],
   "source": [
    "import sklearn\n",
    "from sklearn.model_selection import train_test_split\n",
    "#print('sklearn: {}'.format(sklearn.__version__))\n",
    "# split X and y into training and testing sets\n",
    "#X_train, X_test, y_train, y_test = train_test_split(X, y, random_state=0)\n",
    "X_train, X_test, y_train, y_test = train_test_split( X, y, test_size=0.33, random_state=7)\n",
    "print ('Train set:', X_train.shape,  y_train.shape)\n",
    "print ('Test set:', X_test.shape,  y_test.shape)\n",
    "print(y.shape)"
   ]
  },
  {
   "cell_type": "markdown",
   "metadata": {},
   "source": [
    "<h2 id=\"pattern_visualization\"> Decision tree classifier</h2>\n",
    "\n",
    "Decision tree classifier is a systematic approach for multiclass classification. It poses a set of questions to the dataset (related to its attributes/features). The decision tree classification algorithm can be visualized on a binary tree. On the root and each of the internal nodes, a question is posed and the data on that node is further split into separate records that have different characteristics. The leaves of the tree refer to the classes in which the dataset is split. In the following code snippet, I train a decision tree classifier in scikit-learn."
   ]
  },
  {
   "cell_type": "code",
   "execution_count": 20,
   "metadata": {},
   "outputs": [
    {
     "name": "stdout",
     "output_type": "stream",
     "text": [
      "0.42278825588178104\n",
      "[[ 6341  7850  4323  4211  1202]\n",
      " [ 4857 54889  8804  5885  3118]\n",
      " [ 4761 17363 14784  3707  1318]\n",
      " [ 5989 15300  5453  7397  2583]\n",
      " [ 2582 12497  3031  3910  3565]]\n"
     ]
    }
   ],
   "source": [
    "# importing necessary libraries \n",
    "from sklearn.metrics import confusion_matrix \n",
    "from sklearn.model_selection import train_test_split\n",
    "from sklearn.tree import DecisionTreeClassifier \n",
    "  \n",
    "# training a DescisionTreeClassifier \n",
    "dtree_model = DecisionTreeClassifier(max_depth = 2).fit(X_train, y_train) \n",
    "dtree_predictions = dtree_model.predict(X_test) \n",
    "  \n",
    "# creating a confusion matrix \n",
    "cm_dtree = confusion_matrix(y_test, dtree_predictions)"
   ]
  },
  {
   "cell_type": "code",
   "execution_count": 21,
   "metadata": {},
   "outputs": [
    {
     "data": {
